0.058428049
0.031791449
0.039474487
0.051556110
0.039464235
0.031576157
0.035332441
0.035594225
0.043515444
0.031288624
0.031562328
0.055487871
0.039706230
0.059526443
0.047462702
0.039455175
0.043374777
0.039665222
0.055510998
0.035727978
0.035523415
0.031431675
0.039769173
0.035182238
0.035434961
0.031265736
0.031458616
0.035883904
0.035551548
0.047666550
0.043232918
0.039362907
0.031293631
0.051541567
0.039629221
0.035366774
0.027385235
0.039730549
0.035433292
0.039554596
0.031306267
0.027492523
0.035566568
0.035389662
0.047677279
0.055061102
0.035457850
0.031492949
0.031374693
0.039398909
0.031503439
0.039365530
0.044390440
0.035337448
0.031395674
0.039443731
0.031219006
0.031893969
0.035499334
0.035388708
0.031497478
0.035393953
0.027205467
0.031341553
0.031387568
0.035506964
0.031329393
0.035741568
0.039460659
0.038785934
0.035783768
0.039124966
0.039844275
0.039590120
0.031460762
0.035224438
0.031034470
0.039977312
0.035046577
0.032075167
0.035362005
0.038938761
0.036019802
0.043319464
0.047712326
0.051383734
0.051359415
0.039752245
0.035482883
0.035538435
0.035322905
0.031054974
0.031690121
0.039375305
0.031926155
0.027585030
0.043211460
0.047598362
0.043982267
0.030889511
0.040037632
0.035466433
0.035691738
0.039722681
0.034976244
0.043788195
0.043679714
0.035426378
0.051830530
0.039343834
0.047810793
0.039528131
0.031402826
0.035645008
0.036035061
0.035207033
0.039436817
0.031597137
0.039713860
0.031534433
0.043542624
0.031718016
0.039759874
0.031557322
0.039383173
0.039464474
0.031795263
0.039257050
0.035572767
0.035649300
0.039436579
0.017251253
0.029851198
0.031862974
0.043472528
0.043651581
0.031621218
0.039040804
0.031525373
0.047515392
0.043842316
0.051739931
0.051428080
0.051768780
0.047465086
0.047567368
0.043773413
0.039436817
0.043826342
0.047425270
0.035554171
0.035597324
0.052044630
0.031688452
0.038912535
0.032205105
0.030927658
0.031462193
0.031513691
0.031666040
0.035599709
0.040113211
0.039007187
0.043592930
0.039666653
0.039581060
0.035750866
0.047586441
0.039827347
0.051456928
0.035694122
0.039878130
0.039323330
0.043370962
0.027876854
0.047507763
0.047677994
0.067569733
0.039350033
0.039361238
0.031689167
0.039618015
0.031021357
0.047649145
0.035785913
0.039312124
0.067323685
0.031613827
0.039354563
0.047625542
0.055500984
0.031643391
0.047770023
0.031301498
0.031900167
0.031578779
0.047495127
0.043509245
0.039531231
0.035895824
0.031410217
0.043700218
0.039817572
0.035199165
0.031716347
0.039774179
0.039572477
0.043364048
0.035273552
0.051894426
0.039461136
0.035738707
0.043443680
0.031877518
0.039280891
0.031808376
0.031564236
0.039450884
0.039436817
0.043560982
0.048178673
0.027334690
0.031408548
0.043407917
0.031599998
0.039841413
0.031640053
0.031327486
0.039527416
0.031285524
0.035920382
0.039681911
0.039213896
0.035960674
0.035812616
0.039168835
0.039306402
0.035815716
0.039500713
0.039220572
0.031781673
0.027234316
0.043745041
0.039602518
0.043555498
0.039566278
0.039930105
0.035650492
0.043079615
0.031757593
0.043477297
0.031292200
0.039938211
0.039712429
0.039198399
0.039383650
0.039267063
0.035585165
0.047495365
0.043643713
0.051467180
0.043831587
0.035475016
0.031471968
0.031926870
0.031577587
0.043488026
0.035476923
0.036094427
0.039371252
0.043514729
0.039392948
0.031635284
0.043561697
0.031846285
0.035555124
0.075440168
0.031829357
0.031397820
0.031752110
0.035431623
0.035670757
0.035769939
0.039352894
0.031397581
0.027902603
0.047319889
0.039727211
0.051453352
0.035694838
0.031771898
0.043291330
0.047839642
0.035801172
0.035132885
0.051787853
0.035509109
0.039605618
0.031722307
0.043572187
0.039814472
0.035415411
0.035293102
0.039628506
0.043551445
0.031642437
0.039599895
0.043647766
0.067543268
0.055585623
0.035857439
0.035537004
0.035540819
0.047694445
0.051344872
0.043442011
0.043721199
0.035605669
0.031544447
0.031677246
0.031562328
0.031650782
0.043640614
0.031670094
0.031481266
0.035457850
0.035445690
0.031736851
0.031408787
0.031743050
0.043380022
0.035612822
0.031530857
0.039699316
0.035522699
0.035629272
0.039418697
0.031555414
0.035691977
0.031351805
0.047565460
0.035863638
0.031571388
0.043260813
0.035866976
0.031511784
0.035521746
0.035634995
0.039387941
0.031668425
0.035298824
0.039564848
0.031620741
0.035739899
0.039602757
0.031732321
0.039688110
0.039522886
0.031423092
0.043455124
0.043684483
0.043513298
0.035796881
0.031301975
0.051959515
0.039141655
0.035684586
0.063668013
0.043859243
0.031460762
0.035370588
0.055603266
0.039664984
0.047484159
0.039857388
0.059322596
0.051728010
0.039701223
0.031750202
0.035264969
0.032250404
0.035293579
0.039506912
0.043091536
0.039179325
0.039619684
0.043138742
0.039176702
0.031704187
0.035647392
0.047670841
0.039499283
0.043728828
0.039457798
0.055613041
0.031583309
0.039455891
0.055467844
0.043740034
0.044048548
0.051074028
0.027612448
0.039585590
0.039251328
0.043781996
0.051328659
0.055771351
0.031484127
0.039899111
0.031793356
0.031455755
0.031579018
0.055774450
0.031268358
0.067530870
0.047804832
0.031862020
0.031471491
0.031324148
0.031801462
0.031383514
0.031637907
0.043861389
0.031482458
0.055563211
0.031697750
0.035447121
0.043841362
0.031605721
0.039348841
0.031780481
0.031597614
0.039210081
0.039757729
0.047678232
0.047633886
0.027703047
0.039753437
0.031261444
0.036062479
0.039314985
0.039930105
0.031675100
0.043319702
0.031320810
0.031674623
0.039404154
0.031649113
0.039574623
0.039575815
0.035832644
0.039858818
0.035438061
0.039250851
0.035736561
0.047417879
0.043706179
0.031598568
0.031399250
0.039714813
0.039611340
0.047637463
0.043380260
0.039810419
0.047779799
0.035476923
0.035532713
0.043696642
0.035949707
0.031419039
0.031776428
0.031542063
0.039668322
0.047649384
0.059254169
0.039825439
0.039529562
0.039403677
0.035863876
0.035642385
0.031297207
0.043626308
0.035424471
0.039565802
0.027575016
0.031685114
0.082742691
0.032484055
0.031806946
0.031510115
0.035666943
0.039949417
0.031497955
0.039103746
0.031658411
0.043719053
0.035557270
0.035795689
0.039491177
0.043788195
0.047816277
0.039403200
0.047704935
0.039812326
0.043460131
0.035603523
0.043552399
0.039755344
0.031587124
0.039604902
0.039353609
0.031659365
0.031402588
0.039596081
0.043666124
0.039679766
0.031441689
0.035678864
0.035739183
0.035443544
0.031377792
0.035741329
0.039824247
0.051178217
0.031555653
0.035705090
0.039504051
0.039650202
0.043667316
0.035632610
0.035578489
0.031584263
0.039578915
0.031692505
0.031481028
0.039725542
0.031316996
0.031736612
0.035698652
0.035444736
0.035452604
0.035426617
0.035688639
0.035433769
0.039512873
0.051702738
0.035461187
0.047565460
0.035454988
0.035675287
0.027597427
0.031574011
0.035699368
0.031715870
0.035582781
0.039881229
0.035418749
0.035482645
0.035524607
0.035798788
0.031405926
0.027685165
0.031498432
0.055486679
0.035414696
0.031609774
0.035618782
0.027700901
0.035345554
0.055727005
0.031785011
0.031444311
0.034651518
0.044802427
0.035691977
0.039583683
0.055636406
0.031678438
0.031596899
0.039639950
0.051650524
0.051537752
0.035209656
0.047695875
0.051511765
0.043486595
0.047612429
0.039301634
0.043484926
0.043296337
0.031621933
0.035953045
0.031420469
0.031290293
0.031734228
0.035548449
0.031543255
0.031436920
0.035521507
0.031616926
0.031683207
0.035674334
0.031457424
0.031500340
0.035614729
0.039488316
0.079091311
0.036272049
0.031645298
0.043704987
0.039882421
0.031434059
0.058826208
0.039460897
0.043362617
0.039500952
0.039626598
0.039439917
0.055474043
0.051383495
0.031699181
0.047386646
0.043607235
0.047887564
0.035275698
0.043620586
0.043580770
0.051502705
0.043478012
0.047449112
0.043483257
0.047678232
0.047502041
0.051201105
0.059608936
0.055622339
0.039324999
0.039264441
0.044099092
0.031471729
0.039575338
0.043638706
0.039546967
0.027382612
0.031758070
0.043467999
0.039620638
0.031593561
0.035627365
0.031728506
0.027546883
0.039397001
0.031562328
0.031395912
0.039568186
0.039598703
0.043527126
0.047737360
0.031388998
0.031491995
0.031335592
0.031552076
0.035580873
0.039195299
0.039690495
0.055360079
0.039440632
0.055178165
0.039679050
0.035562754
0.051484346
0.051343679
0.047380924
0.043373823
0.017622471
0.037189245
0.039297342
0.039471626
0.047215939
0.031779051
0.043476105
0.043424129
0.031347036
0.039632559
0.051590443
0.031498909
0.039353609
0.039607525
0.031480789
0.031462908
0.039849043
0.043626547
0.032128572
0.043720007
0.039493322
0.039871693
0.043364286
0.031703949
0.031514883
0.043966770
0.051334620
0.031549454
0.031160116
0.047683954
0.054942846
0.031663418
0.039855003
0.047206163
0.031468630
0.031503201
0.055721521
0.049835682
0.037174940
0.043958902
0.039492846
0.039482832
0.039490700
0.047646523
0.040263891
0.042911530
0.051666021
0.040255308
0.031029701
0.043517590
0.043768883
0.039978981
0.038942337
0.039455175
0.036127090
0.047544956
0.039266825
0.047384739
0.044300079
0.039001942
0.031636477
0.031682491
0.030969143
0.043383121
0.039879322
0.031473398
0.035254240
0.035393476
0.035777569
0.031585217
0.035464287
0.031429052
0.035484076
0.035558224
0.043479681
0.039615870
0.031644106
0.035399914
0.039846420
0.039775133
0.051339149
0.031280279
0.035413504
0.039593458
0.043726444
0.036242723
0.035760403
0.039336920
0.047628164
0.043690920
0.031481028
0.027948618
0.039652109
0.031696320
0.035352230
0.027553558
0.031374693
0.027778864
0.039676905
0.039573908
0.035564184
0.035618067
0.031649113
0.051303864
0.047937155
0.051237106
0.055518627
0.051132441
0.059942961
0.039098501
0.047762632
0.035624981
0.047289133
0.059972286
0.047258854
0.039336443
0.031371117
0.036250591
0.043313503
0.051430225
0.047729492
0.035282850
0.031529427
0.031216145
0.031473637
0.047462225
0.031555176
0.036139965
0.031319857
0.035525084
0.043399096
0.058983326
0.051996469
0.055369377
0.047369719
0.052065611
0.051599503
0.035279512
0.031628609
0.031558037
0.031675339
0.031605721
0.043420553
0.051228046
0.039710760
0.047650337
0.043408394
0.047462702
0.044004440
0.047848940
0.039149046
0.035757780
0.051526070
0.051658869
0.035337687
0.051406860
0.051746607
0.043823481
0.039449930
0.031687975
0.038868427
0.032052994
0.043402672
0.047351837
0.031905651
0.043242931
0.055778265
0.039375305
0.036107779
0.051229477
0.039221048
0.039074659
0.035760880
0.031779051
0.035272121
0.039522886
0.039390564
0.032326698
0.050534487
0.039888144
0.039430857
0.039932489
0.039182186
0.047477007
0.035628319
0.031857252
0.043460131
0.026489973
0.048469067
0.047405720
0.043703318
0.043617964
0.043312550
0.043596268
0.047370911
0.031964064
0.043456793
0.039999962
0.043008327
0.039409399
0.039536476
0.040016890
0.043811560
0.031329870
0.031643629
0.051422596
0.044271469
0.051425695
0.047706604
0.031408072
0.039380074
0.043812990
0.039549589
0.039372206
0.043801546
0.039386034
0.047255278
0.055726051
0.039603233
0.039599657
0.039654732
0.039527416
0.043715477
0.043504953
0.055783749
0.039618254
0.031781673
0.031396151
0.031619549
0.043396711
0.036014080
0.031226873
0.055785656
0.043875694
0.043246984
0.047824860
0.039453268
0.051789522
0.035355091
0.035626650
0.039246798
0.039451838
0.055216074
0.047623873
0.031708717
0.039427996
0.039643288
0.027618408
0.031391382
0.035591602
0.039551973
0.031956673
0.039362192
0.039406300
0.035981417
0.031218767
0.031529427
0.051500797
0.039402723
0.031742811
0.039461136
0.035621405
0.051453829
0.035203695
0.035719156
0.039684296
0.043346167
0.031606913
0.027472496
0.028074503
0.031057358
0.031572104
0.031649828
0.035731077
0.055282354
0.043704033
0.034898996
0.039837122
0.031686783
0.039445400
0.031294107
0.031820536
0.031424284
0.035415173
0.035092831
0.040043354
0.031454563
0.039357901
0.031657696
0.031831741
0.031073093
0.031850815
0.035351515
0.031833410
0.031340361
0.039678097
0.031294823
0.043082476
0.035530090
0.039314747
0.039566517
0.031582355
0.043452024
0.051565886
0.043485403
0.051639318
0.043383837
0.039594889
0.043633223
0.043473244
0.039412022
0.039319038
0.035348177
0.040140629
0.047275782
0.047602654
0.038843393
0.035326481
0.031985044
0.031259298
0.031637907
0.043469429
0.031462669
0.043457508
0.039588690
0.031614065
