0.001456
0.000705
0.000772
0.000718
0.000708
0.000664
0.000830
0.000649
0.000692
0.000802
0.000729
0.000700
0.000789
0.000651
0.000713
0.000725
0.000687
0.000830
0.000709
0.000691
0.000735
0.000738
0.000664
0.000710
0.000782
0.000709
0.000721
0.000702
0.000700
0.000655
0.000726
0.000719
0.000712
0.000653
0.000749
0.000709
0.000688
0.000706
0.000765
0.001045
0.000797
0.000635
0.000994
0.000678
0.000727
0.000670
0.000704
0.000688
0.000710
0.000643
0.000764
0.000683
0.000661
0.000698
0.000664
0.000687
0.000677
0.000709
0.000701
0.000694
0.000650
0.000678
0.000723
0.000839
0.000731
0.000650
0.000727
0.000606
0.000702
0.000696
0.000699
0.000699
0.000651
0.000799
0.000900
0.000695
0.000686
0.000656
0.000696
0.000704
0.000695
0.000628
0.000735
0.000720
0.000920
0.000837
0.000689
0.000784
0.000699
0.000638
0.000643
0.000762
0.000670
0.000722
0.000708
0.000728
0.000700
0.000708
0.000716
0.000720
0.000714
0.000729
0.000749
0.000662
0.000639
0.000712
0.000655
0.000694
0.000715
0.000687
0.000660
0.000701
0.000682
0.000781
0.000717
0.000717
0.001007
0.000729
0.000689
0.000711
0.000702
0.000742
0.000698
0.000651
0.000668
0.000684
0.000654
0.000732
0.000894
0.000705
0.000686
0.000674
0.000725
0.000719
0.000693
0.000668
0.000690
0.000754
0.000743
0.000721
0.000707
0.000718
0.000692
0.000659
0.000722
0.000739
0.000697
0.000658
0.000858
0.000664
0.000706
0.000879
0.000797
0.000705
0.000656
0.000999
0.000680
0.000719
0.000736
0.000736
0.000770
0.000706
0.000687
0.000728
0.000702
0.000753
0.000718
0.000684
0.000726
0.000692
0.000667
0.000678
0.000706
0.000706
0.000671
0.000623
0.000704
0.000841
0.000791
0.000642
0.000664
0.000891
0.000720
0.000682
0.000825
0.000651
0.000737
0.000806
0.000784
0.000730
0.000719
0.000767
0.000645
0.000707
0.000825
0.000674
0.000654
0.000676
0.000697
0.000661
0.000672
0.000680
0.000802
0.000756
0.000732
0.000684
0.000817
0.000690
0.000900
0.000684
0.000692
0.000670
0.000764
0.000757
0.000692
0.000727
0.000699
0.000711
0.000708
0.000644
0.000770
0.000711
0.000852
0.000694
0.000678
0.000809
0.000730
0.000657
0.000729
0.000642
0.000734
0.000721
0.000720
0.000834
0.000698
0.000654
0.000642
0.000698
0.000658
0.000760
0.000726
0.000728
0.000859
0.000717
0.000681
0.000722
0.000661
0.000699
0.000688
0.000655
0.000740
0.000701
0.000812
0.000726
0.000677
0.000671
0.000720
0.000806
0.000727
0.000682
0.000727
0.000736
0.000721
0.000901
0.000710
0.000710
0.000713
0.000727
0.000714
0.000734
0.000692
0.000738
0.000722
0.000816
0.000703
0.000746
0.000683
0.000706
0.000716
0.000754
0.000707
0.000715
0.000679
0.000714
0.000676
0.000834
0.000725
0.000731
0.000731
0.000736
0.000770
0.000731
0.000720
0.000743
0.000669
0.000673
0.000704
0.000679
0.000712
0.000669
0.000739
0.000709
0.000695
0.000745
0.000646
0.000705
0.000861
0.000754
0.000730
0.000731
0.000688
0.000669
0.000760
0.000989
0.000964
0.000664
0.000766
0.000706
0.000686
0.000715
0.000649
0.000712
0.000703
0.000707
0.000695
0.000680
0.000714
0.000687
0.000773
0.000693
0.000673
0.000779
0.000725
0.000695
0.000637
0.000831
0.000716
0.000990
0.000721
0.000679
0.000769
0.000710
0.000937
0.000668
0.000680
0.000701
0.000690
0.000709
0.000711
0.000711
0.000702
0.000856
0.000687
0.000744
0.000721
0.000719
0.000754
0.000714
0.000742
0.000702
0.000767
0.000708
0.000762
0.000707
0.000702
0.000698
0.000677
0.000738
0.000699
0.000765
0.000687
0.000731
0.000698
0.000750
0.000708
0.000683
0.001096
0.000736
0.000730
0.000689
0.000772
0.000716
0.000698
0.000879
0.000645
0.000779
0.000689
0.000744
0.000978
0.000821
0.000748
0.000767
0.000756
0.000706
0.000722
0.001115
0.000751
0.000719
0.000709
0.000723
0.000778
0.000705
0.000729
0.000746
0.000749
0.000701
0.000710
0.000707
0.000731
0.000753
0.000721
0.000665
0.000773
0.000689
0.000722
0.000716
0.000691
0.000744
0.000681
0.000702
0.000704
0.000710
0.000761
0.000791
0.000712
0.000692
0.000702
0.000690
0.000702
0.000699
0.000710
0.000732
0.000729
0.000738
0.000687
0.000722
0.000707
0.000700
0.000711
0.000688
0.000975
0.000695
0.000720
0.000704
0.000709
0.000694
0.000700
0.000773
0.000762
0.000698
0.000769
0.000645
0.000682
0.000715
0.000668
0.000668
0.000795
0.000675
0.000730
0.000754
0.000854
0.000753
0.000751
0.000861
0.000673
0.000676
0.000677
0.000642
0.000653
0.000686
0.000751
0.000666
0.000662
0.000648
0.000809
0.000897
0.000654
0.000711
0.000728
0.000708
0.000733
0.000755
0.000654
0.000627
0.000692
0.000740
0.000622
0.000688
0.000698
0.000708
0.000716
0.000661
0.000716
0.000636
0.000720
0.000655
0.000703
0.000679
0.000656
0.000878
0.000777
0.000702
0.000689
0.000681
0.000672
0.000646
0.000647
0.000744
0.000767
0.000760
0.000645
0.000676
0.000647
0.000836
0.000629
0.000729
0.000600
0.000717
0.000795
0.000722
0.000704
0.000625
0.000612
0.000731
0.000685
0.000650
0.001000
0.000663
0.000694
0.000701
0.000773
0.000697
0.000683
0.000675
0.000644
0.000665
0.000709
0.000721
0.000662
0.000813
0.000707
0.000678
0.000904
0.000735
0.000782
0.000752
0.000644
0.000722
0.000674
0.000620
0.000660
0.000677
0.000657
0.000711
0.000652
0.000745
0.000658
0.000708
0.000672
0.000704
0.000703
0.000708
0.000754
0.000756
0.000756
0.000710
0.000736
0.000686
0.000631
0.000700
0.000705
0.000619
0.000643
0.000656
0.000705
0.000719
0.000679
0.000655
0.000681
0.000732
0.000766
0.000715
0.000800
0.000721
0.000677
0.000808
0.000710
0.000683
0.000766
0.000785
0.000739
0.000647
0.000722
0.000665
0.000669
0.000774
0.000720
0.000694
0.000625
0.000639
0.000640
0.000725
0.000684
0.000729
0.000845
0.000655
0.000663
0.000740
0.000708
0.000723
0.000697
0.000620
0.000763
0.000705
0.000735
0.000678
0.000782
0.001011
0.000632
0.000724
0.000652
0.000715
0.000723
0.000720
0.000689
0.000708
0.000711
0.000719
0.000739
0.000671
0.000640
0.000802
0.000918
0.000706
0.000789
0.000800
0.000690
0.000719
0.000711
0.000678
0.000648
0.000710
0.000712
0.000863
0.000691
0.000705
0.000712
0.000718
0.000726
0.000701
0.000813
0.000746
0.000737
0.000695
0.000897
0.000715
0.000828
0.000730
0.000852
0.000840
0.000651
0.000641
0.000683
0.000705
0.000715
0.000677
0.000659
0.000751
0.000780
0.000684
0.000724
0.000678
0.000706
0.000721
0.000696
0.000699
0.000831
0.000675
0.000712
0.000632
0.000709
0.000736
0.000883
0.000965
0.001149
0.000679
0.000704
0.000677
0.000696
0.000663
0.000852
0.000654
0.000632
0.000702
0.000764
0.000700
0.001095
0.000754
0.000681
0.000696
0.000696
0.000759
0.000694
0.000707
0.000719
0.000729
0.000714
0.000742
0.000672
0.000735
0.000693
0.000805
0.000704
0.000713
0.000704
0.000686
0.000678
0.000700
0.000725
0.000680
0.000710
0.000724
0.000655
0.000717
0.000789
0.000708
0.000867
0.000694
0.000714
0.000649
0.000666
0.000991
0.000706
0.000712
0.000705
0.000732
0.000902
0.000950
0.000675
0.000684
0.000738
0.000743
0.000751
0.000668
0.000941
0.000746
0.000714
0.000740
0.000707
0.000703
0.000746
0.000880
0.000685
0.000710
0.000691
0.000639
0.000744
0.000681
0.000865
0.000679
0.000735
0.000727
0.000761
0.000735
0.000733
0.000626
0.000640
0.000704
0.000711
0.000738
0.000717
0.000699
0.000632
0.000709
0.000726
0.000751
0.000674
0.000751
0.000818
0.000701
0.000685
0.000685
0.000869
0.000752
0.000751
0.000719
0.000732
0.000666
0.000738
0.000674
0.000694
0.000714
0.000758
0.000879
0.000736
0.000736
0.000764
0.000661
0.000750
0.000708
0.001099
0.000707
0.000714
0.000753
0.000650
0.000669
0.000740
0.000674
0.000735
0.000683
0.000677
0.000658
0.000770
0.000704
0.000893
0.000733
0.000724
0.000743
0.000712
0.000670
0.000732
0.000705
0.000714
0.000713
0.000981
0.000708
0.000719
0.000700
0.000702
0.000743
0.000701
0.000673
0.000705
0.000697
0.000710
0.000636
0.000667
0.000687
0.000634
0.000974
0.000655
0.000883
0.000665
0.000716
0.000709
0.000667
0.000697
0.000754
0.000806
0.000635
0.000686
0.000712
0.000706
0.000734
0.000820
0.000684
0.000652
0.000661
0.000610
0.000681
0.000669
0.000695
0.000775
0.000811
0.000627
0.000663
0.000651
0.000646
0.000730
0.000698
0.000745
0.000828
0.000652
0.000657
0.000683
0.000635
0.000684
0.000769
0.000742
0.000674
0.000956
0.000857
0.000877
0.000769
0.000705
0.000684
0.000745
0.000629
0.000711
0.000720
0.000654
0.000733
0.000662
0.000652
0.000643
0.000774
0.000622
0.000667
0.000711
0.000710
0.000824
0.000759
0.000695
0.000660
0.000634
0.000698
0.000665
0.001123
0.000646
0.000707
0.000713
0.000675
0.000634
0.000724
0.000724
0.000647
0.000701
0.000650
0.000813
0.000733
0.000679
0.000692
0.000691
0.000683
0.000708
0.000833
0.000826
0.000754
0.000727
0.000852
0.000673
0.000778
0.000741
0.000679
0.000689
0.000735
0.000704
0.000735
0.000681
0.000712
0.000863
0.000716
0.000712
0.000707
0.000700
0.000667
0.000690
0.001010
0.000747
0.000691
0.000714
0.000692
0.000694
0.000760
0.000768
0.000725
0.000630
0.000721
0.000765
0.000724
0.000737
0.000670
0.000651
0.000715
0.000735
0.000742
0.000755
0.000704
0.000860
0.000715
0.000713
0.000708
0.000743
0.000699
0.000695
0.000682
0.000626
0.000688
0.000912
0.000659
0.000687
0.000698
0.000702
0.000689
0.001093
0.000747
0.000724
0.000719
0.000714
0.000700
0.000689
0.000660
0.000665
0.000663
