0.326000
0.111000
0.075000
0.083000
0.098000
0.099000
0.096000
0.104000
0.097000
0.124000
0.106000
0.063000
0.097000
0.056000
0.089000
0.100000
0.102000
0.096000
0.099000
0.097000
0.070000
0.097000
0.109000
0.091000
0.101000
0.100000
0.099000
0.097000
0.097000
0.102000
0.135000
0.099000
0.096000
0.105000
0.107000
0.104000
0.104000
0.056000
0.103000
0.088000
0.099000
0.102000
0.071000
0.098000
0.109000
0.129000
0.096000
0.062000
0.098000
0.096000
0.105000
0.231000
0.102000
0.100000
0.125000
0.069000
0.106000
0.105000
0.106000
0.106000
0.126000
0.101000
0.103000
0.097000
0.058000
0.101000
0.101000
0.154000
0.101000
0.100000
0.101000
0.100000
0.094000
0.104000
0.108000
0.142000
0.105000
0.101000
0.111000
0.097000
0.076000
0.103000
0.103000
0.102000
0.109000
0.110000
0.101000
0.058000
0.104000
0.115000
0.104000
0.105000
0.145000
0.101000
0.096000
0.095000
0.092000
0.101000
0.100000
0.105000
0.111000
0.097000
0.105000
0.079000
0.061000
0.103000
0.103000
0.095000
0.098000
0.100000
0.096000
0.095000
0.059000
0.143000
0.099000
0.096000
0.099000
0.096000
0.082000
0.101000
0.075000
0.109000
0.102000
0.059000
0.103000
0.101000
0.100000
0.101000
0.061000
0.110000
0.107000
0.101000
0.105000
0.092000
0.097000
0.097000
0.058000
0.107000
0.100000
0.104000
0.078000
0.100000
0.090000
0.106000
0.096000
0.091000
0.101000
0.105000
0.105000
0.134000
0.102000
0.102000
0.095000
0.097000
0.103000
0.102000
0.102000
0.106000
0.102000
0.097000
0.092000
0.078000
0.129000
0.061000
0.101000
0.103000
0.104000
0.101000
0.092000
0.121000
0.104000
0.102000
0.101000
0.103000
0.101000
0.112000
0.084000
0.091000
0.103000
0.103000
0.104000
0.110000
0.098000
0.165000
0.074000
0.112000
0.096000
0.102000
0.105000
0.104000
0.102000
0.203000
0.088000
0.066000
0.097000
0.107000
0.101000
0.103000
0.100000
0.099000
0.096000
0.060000
0.098000
0.107000
0.056000
0.105000
0.101000
0.102000
0.096000
0.060000
0.095000
0.101000
0.098000
0.098000
0.060000
0.101000
0.097000
0.071000
0.103000
0.171000
0.106000
0.107000
0.101000
0.103000
0.114000
0.074000
0.097000
0.104000
0.102000
0.110000
0.106000
0.105000
0.096000
0.076000
0.075000
0.102000
0.104000
0.103000
0.113000
0.106000
0.103000
0.104000
0.091000
0.105000
0.102000
0.104000
0.102000
0.108000
0.105000
0.097000
0.110000
0.105000
0.096000
0.096000
0.097000
0.102000
0.112000
0.097000
0.061000
0.105000
0.097000
0.106000
0.095000
0.102000
0.101000
0.113000
0.063000
0.060000
0.107000
0.116000
0.098000
0.103000
0.121000
0.110000
0.108000
0.079000
0.106000
0.103000
0.105000
0.102000
0.069000
0.102000
0.091000
0.116000
0.102000
0.076000
0.102000
0.118000
0.095000
0.065000
0.085000
0.101000
0.112000
0.100000
0.104000
0.059000
0.098000
0.100000
0.073000
0.096000
0.102000
0.180000
0.101000
0.095000
0.100000
0.095000
0.093000
0.101000
0.101000
0.100000
0.113000
0.096000
0.098000
0.102000
0.072000
0.097000
0.132000
0.103000
0.092000
0.243000
0.128000
0.096000
0.096000
0.101000
0.098000
0.115000
0.068000
0.103000
0.110000
0.099000
0.074000
0.157000
0.092000
0.103000
0.102000
0.101000
0.105000
0.121000
0.060000
0.104000
0.109000
0.106000
0.107000
0.102000
0.105000
0.101000
0.105000
0.088000
0.097000
0.105000
0.061000
0.104000
0.100000
0.102000
0.103000
0.057000
0.064000
0.098000
0.102000
0.101000
0.098000
0.100000
0.102000
0.100000
0.060000
0.114000
0.077000
0.102000
0.100000
0.102000
0.105000
0.116000
0.098000
0.063000
0.096000
0.075000
0.090000
0.101000
0.101000
0.096000
0.096000
0.097000
0.113000
0.101000
0.104000
0.104000
0.087000
0.138000
0.064000
0.064000
0.092000
0.116000
0.095000
0.104000
0.102000
0.102000
0.127000
0.066000
0.108000
0.108000
0.217000
0.106000
0.098000
0.098000
0.103000
0.104000
0.090000
0.095000
0.108000
0.103000
0.231000
0.097000
0.099000
0.103000
0.063000
0.100000
0.103000
0.100000
0.099000
0.094000
0.096000
0.096000
0.090000
0.065000
0.127000
0.103000
0.103000
0.100000
0.101000
0.101000
0.104000
0.082000
0.103000
0.102000
0.142000
0.104000
0.118000
0.097000
0.106000
0.097000
0.094000
0.104000
0.095000
0.096000
0.097000
0.101000
0.102000
0.066000
0.096000
0.096000
0.102000
0.102000
0.094000
0.095000
0.099000
0.100000
0.097000
0.090000
0.102000
0.100000
0.105000
0.101000
0.096000
0.109000
0.103000
0.096000
0.067000
0.103000
0.102000
0.102000
0.102000
0.102000
0.103000
0.105000
0.092000
0.057000
0.103000
0.107000
0.102000
0.103000
0.103000
0.230000
0.103000
0.078000
0.103000
0.096000
0.101000
0.104000
0.096000
0.104000
0.125000
0.101000
0.060000
0.114000
0.096000
0.102000
0.095000
0.103000
0.098000
0.140000
0.098000
0.081000
0.102000
0.103000
0.100000
0.096000
0.102000
0.104000
0.159000
0.118000
0.068000
0.095000
0.103000
0.096000
0.064000
0.100000
0.121000
0.108000
0.104000
0.059000
0.104000
0.099000
0.109000
0.075000
0.104000
0.098000
0.113000
0.104000
0.060000
0.107000
0.101000
0.097000
0.103000
0.079000
0.100000
0.110000
0.097000
0.069000
0.083000
0.102000
0.101000
0.102000
0.105000
0.101000
0.104000
0.097000
0.061000
0.104000
0.104000
0.105000
0.105000
0.104000
0.098000
0.101000
0.097000
0.095000
0.102000
0.101000
0.101000
0.100000
0.102000
0.102000
0.123000
0.098000
0.063000
0.098000
0.103000
0.104000
0.096000
0.107000
0.102000
0.108000
0.065000
0.102000
0.101000
0.102000
0.104000
0.101000
0.097000
0.096000
0.101000
0.100000
0.103000
0.101000
0.101000
0.102000
0.102000
0.101000
0.095000
0.075000
0.097000
0.098000
0.101000
0.102000
0.101000
0.102000
0.100000
0.065000
0.116000
0.101000
0.102000
0.101000
0.102000
0.104000
0.095000
0.095000
0.094000
0.113000
0.099000
0.092000
0.100000
0.058000
0.103000
0.131000
0.090000
0.071000
0.112000
0.096000
0.101000
0.076000
0.101000
0.068000
0.065000
0.058000
0.083000
0.121000
0.065000
0.088000
0.067000
0.064000
0.101000
0.059000
0.101000
0.097000
0.104000
0.109000
0.095000
0.096000
0.060000
0.105000
0.094000
0.097000
0.100000
0.108000
0.096000
0.115000
0.089000
0.094000
0.101000
0.144000
0.101000
0.107000
0.103000
0.096000
0.060000
0.139000
0.096000
0.099000
0.096000
0.094000
0.105000
0.105000
0.060000
0.162000
0.101000
0.103000
0.098000
0.102000
0.059000
0.066000
0.072000
0.097000
0.104000
0.103000
0.058000
0.097000
0.101000
0.099000
0.070000
0.103000
0.097000
0.067000
0.113000
0.065000
0.064000
0.064000
0.087000
0.070000
0.092000
0.056000
0.074000
0.075000
0.065000
0.094000
0.086000
0.084000
0.090000
0.093000
0.058000
0.054000
0.076000
0.072000
0.301000
0.100000
0.058000
0.120000
0.107000
0.107000
0.094000
0.102000
0.107000
0.101000
0.098000
0.091000
0.095000
0.123000
0.102000
0.100000
0.101000
0.071000
0.095000
0.095000
0.091000
0.101000
0.105000
0.106000
0.105000
0.103000
0.105000
0.099000
0.058000
0.079000
0.099000
0.107000
0.098000
0.103000
0.107000
0.136000
0.096000
0.081000
0.102000
0.096000
0.105000
0.095000
0.100000
0.057000
0.102000
0.085000
0.067000
0.101000
0.095000
0.080000
0.101000
0.100000
0.096000
0.096000
0.069000
0.062000
0.102000
0.104000
0.101000
0.081000
0.100000
0.104000
0.106000
0.058000
0.105000
0.099000
0.101000
0.111000
0.099000
0.104000
0.104000
0.095000
0.076000
0.102000
0.103000
0.102000
0.104000
0.100000
0.100000
0.100000
0.094000
0.069000
0.100000
0.124000
0.106000
0.104000
0.095000
0.104000
0.101000
0.095000
0.091000
0.101000
0.104000
0.102000
0.106000
0.102000
0.095000
0.099000
0.102000
0.067000
0.099000
0.110000
0.102000
0.096000
0.101000
0.100000
0.095000
0.105000
0.292000
0.095000
0.102000
0.101000
0.106000
0.098000
0.101000
0.094000
0.090000
0.109000
0.104000
0.104000
0.098000
0.098000
0.103000
0.098000
0.084000
0.059000
0.105000
0.105000
0.104000
0.102000
0.079000
0.102000
0.102000
0.096000
0.081000
0.052000
0.097000
0.102000
0.101000
0.099000
0.100000
0.094000
0.074000
0.091000
0.107000
0.106000
0.102000
0.095000
0.138000
0.127000
0.105000
0.072000
0.115000
0.104000
0.101000
0.135000
0.095000
0.098000
0.096000
0.083000
0.060000
0.100000
0.095000
0.101000
0.102000
0.101000
0.120000
0.101000
0.093000
0.104000
0.106000
0.107000
0.141000
0.103000
0.100000
0.102000
0.095000
0.093000
0.100000
0.104000
0.101000
0.102000
0.100000
0.106000
0.068000
0.105000
0.066000
0.101000
0.102000
0.101000
0.101000
0.100000
0.101000
0.103000
0.091000
0.059000
0.100000
0.104000
0.102000
0.102000
0.109000
0.096000
0.102000
0.058000
0.123000
0.101000
0.059000
0.102000
0.098000
0.101000
0.103000
0.058000
0.059000
0.067000
0.101000
0.099000
0.098000
0.137000
0.101000
0.099000
0.096000
0.064000
0.097000
0.104000
0.102000
0.105000
0.101000
0.112000
0.071000
0.090000
0.099000
0.098000
0.103000
0.065000
0.102000
0.106000
0.103000
0.095000
0.087000
0.101000
0.101000
0.104000
0.098000
0.092000
0.101000
0.096000
0.098000
0.083000
0.103000
0.117000
0.098000
0.101000
0.098000
0.095000
0.091000
0.084000
0.095000
0.096000
0.102000
0.094000
0.081000
0.101000
0.094000
0.111000
0.095000
0.100000
0.111000
0.221000
0.101000
0.101000
0.101000
0.065000
0.059000
0.102000
0.101000
0.100000
0.232000
0.106000
0.101000
0.108000
0.104000
0.103000
0.100000
0.127000
0.110000
0.106000
0.067000
0.057000
0.060000
0.108000
0.102000
0.102000
0.077000
0.102000
0.070000
0.103000
0.097000
